N§rªšÚºŠrª‚j																							
0.11	3.62	17.47	52.16	1075.00	6.00	52.73	0.00	0.00	-20.00	1.00	0.00	0.00	1.00	1.00	0.00	13.40	14.60	0.00	0.00	0.00	1.49	1.52	71.50
0.14	3.62	16.06	51.37	1075.00	6.00	52.73	0.00	0.00	-20.00	1.00	0.00	0.00	1.00	1.00	0.00	13.40	14.60	0.00	0.00	0.00	1.60	1.53	71.50
0.16	3.50	16.06	52.16	1050.00	6.00	52.73	0.00	0.00	-20.00	1.00	0.00	0.00	1.00	1.00	0.00	13.40	14.60	0.00	0.00	0.00	1.61	1.55	71.50
0.18	3.62	16.53	51.37	1050.00	6.00	52.73	0.00	0.00	-20.00	1.00	0.00	0.00	1.00	1.00	0.00	13.40	14.60	0.00	0.00	0.00	1.58	1.55	71.50
0.20	3.62	16.06	51.37	1050.00	6.00	52.73	0.00	0.00	-20.00	1.00	0.00	0.00	1.00	0.00	0.00	13.40	14.60	0.00	0.00	0.00	1.58	1.55	71.50
0.22	4.00	14.65	61.57	925.00	8.00	52.73	0.00	0.00	-20.00	1.00	0.00	0.00	1.00	0.00	0.00	13.40	14.60	0.00	0.00	0.00	1.48	1.55	71.49
0.25	4.50	22.17	52.55	850.00	6.00	52.73	0.00	0.00	-20.00	1.00	0.00	0.00	1.00	0.00	0.00	13.40	14.60	0.00	0.00	0.00	1.48	1.54	71.49
0.27	4.50	17.94	52.55	825.00	6.00	52.73	0.00	0.00	-20.00	0.00	0.00	0.00	1.00	0.00	0.00	13.40	14.60	0.00	0.00	0.00	1.48	1.53	71.49
0.29	4.50	15.12	52.55	825.00	6.00	52.73	0.00	0.00	-20.00	0.00	0.00	0.00	1.00	0.00	0.00	13.40	14.60	0.00	0.00	0.00	1.48	1.53	71.49
0.31	4.50	15.12	52.55	825.00	6.00	52.73	0.00	0.00	-20.00	0.00	0.00	0.00	1.00	0.00	0.00	13.40	14.60	0.00	0.00	0.00	1.48	1.52	71.49
0.34	4.50	15.12	52.55	825.00	6.00	53.40	0.00	0.00	-20.00	0.00	0.00	0.00	1.00	0.00	0.00	13.40	14.60	0.00	0.00	0.00	1.47	1.52	71.49
0.36	4.50	15.12	52.94	825.00	6.00	53.40	0.00	0.00	-20.00	0.00	0.00	0.00	1.00	0.00	0.00	13.40	14.60	0.00	0.00	0.00	1.62	1.53	71.49
0.38	5.12	16.53	52.16	900.00	8.00	53.40	0.00	0.00	-20.00	0.00	0.00	0.00	1.00	0.00	0.00	13.40	14.60	0.00	0.00	0.00	1.68	1.54	71.49
0.40	4.37	17.94	52.55	825.00	6.00	53.40	0.00	0.00	-20.00	0.00	0.00	0.00	1.00	0.00	0.00	13.40	14.60	0.00	0.00	0.00	1.66	1.54	71.48
0.43	4.37	15.12	52.16	850.00	6.00	53.40	0.00	0.00	-20.00	0.00	0.00	0.00	1.00	0.00	0.00	13.40	14.60	0.00	0.00	0.00	1.50	1.54	71.48
0.45	4.37	15.12	52.16	825.00	6.00	53.40	0.00	0.00	-20.00	0.00	0.00	0.00	1.00	0.00	0.00	13.40	14.60	0.00	0.00	0.00	1.68	1.55	71.48
0.47	4.37	15.12	52.16	850.00	6.00	54.07	0.00	3.00	-20.00	0.00	0.00	0.00	1.00	0.00	0.00	13.40	14.60	0.00	0.00	0.00	1.65	1.56	71.48
0.49	4.37	15.12	52.16	825.00	6.00	54.07	0.00	4.00	-20.00	0.00	0.00	0.00	1.00	0.00	0.00	13.40	14.60	0.00	0.00	0.00	1.37	1.54	71.48
0.51	4.50	14.65	51.76	850.00	8.00	54.07	0.00	4.00	-20.00	0.00	0.00	0.00	1.00	0.00	0.00	13.40	14.60	0.00	0.00	0.00	1.28	1.52	71.48
0.54	4.25	16.06	51.76	850.00	6.00	54.07	0.00	4.00	-20.00	0.00	0.00	0.00	1.00	0.00	0.00	13.40	14.60	0.00	0.00	0.00	1.50	1.51	71.48
0.56	4.37	16.06	51.76	825.00	6.00	54.07	0.00	4.00	-20.00	0.00	0.00	0.00	1.00	0.00	0.00	13.40	14.60	0.00	0.00	0.00	1.98	1.55	71.47
0.58	4.37	15.12	52.16	825.00	6.00	54.07	0.00	0.00	-20.00	0.00	0.00	0.00	1.00	0.00	0.00	13.40	14.60	0.00	0.00	0.00	1.76	1.57	71.47
0.60	4.50	12.77	57.65	900.00	8.00	54.74	0.00	0.00	-20.00	0.00	0.00	0.00	1.00	0.00	0.00	13.40	14.60	0.00	0.00	0.00	1.73	1.59	71.47
0.63	4.25	19.82	51.76	850.00	8.00	54.74	0.00	0.00	-20.00	0.00	0.00	0.00	1.00	0.00	0.00	13.40	14.60	0.00	0.00	0.00	1.63	1.60	71.47
0.65	4.87	15.12	51.37	925.00	8.00	54.74	0.00	0.00	-20.00	0.00	0.00	0.00	0.00	0.00	0.00	13.40	14.60	0.00	0.00	0.00	1.67	1.61	71.47
0.67	4.50	23.58	51.37	1025.00	12.00	54.74	3.89	3.00	-4.00	0.00	1.00	0.00	0.00	0.00	1.00	13.40	14.60	0.00	0.00	0.00	1.79	1.63	71.47
0.69	5.75	20.29	51.37	1300.00	14.00	54.74	3.33	7.00	-4.00	0.00	1.00	0.00	0.00	0.00	1.00	13.40	14.60	0.00	0.00	0.00	1.49	1.62	71.46
0.71	4.75	22.64	51.37	1225.00	12.00	54.74	2.22	9.00	-4.00	0.00	1.00	0.00	0.00	0.00	0.00	13.40	14.60	0.00	0.00	0.00	1.39	1.60	71.46
0.74	4.87	23.58	50.98	1275.00	12.00	55.41	2.22	11.00	-4.00	0.00	1.00	0.00	0.00	0.00	1.00	13.40	14.60	0.00	0.00	0.00	1.39	1.58	71.46
0.76	5.62	20.76	50.98	1400.00	16.00	55.41	3.89	12.00	-4.00	0.00	1.00	0.00	0.00	0.00	0.00	13.40	14.60	0.00	0.00	0.00	1.54	1.59	71.46
0.78	5.37	22.17	50.98	1450.00	16.00	55.41	3.89	14.00	-4.00	0.00	1.00	0.00	0.00	0.00	1.00	13.40	14.60	0.00	0.00	0.00	1.65	1.58	71.45
0.80	4.87	23.11	50.98	1250.00	14.00	55.41	3.33	15.00	-4.00	0.00	1.00	0.00	0.00	0.00	1.00	13.40	14.60	0.00	2.20	2.00	1.74	1.59	71.45
0.83	4.12	22.64	50.98	1100.00	8.00	55.41	0.00	17.00	-4.00	0.00	1.00	0.00	1.00	0.00	0.00	13.40	14.60	0.00	1.68	2.00	1.56	1.60	71.45
0.85	3.75	22.17	50.98	975.00	6.00	56.08	0.00	17.00	-4.00	0.00	1.00	0.00	1.00	0.00	0.00	13.40	14.60	0.00	1.78	2.00	1.93	1.65	71.45
0.87	3.87	18.41	50.98	950.00	8.00	56.08	0.00	16.00	-4.00	0.00	1.00	0.00	1.00	0.00	0.00	13.40	14.60	0.00	2.23	2.00	1.49	1.65	71.45
0.89	4.00	17.47	50.98	950.00	8.00	56.08	0.00	16.00	-4.00	0.00	1.00	0.00	1.00	0.00	0.00	13.40	14.60	0.00	2.45	2.00	1.70	1.63	71.45
0.91	4.00	16.06	50.98	950.00	8.00	56.08	0.00	16.00	-4.00	0.00	1.00	0.00	1.00	0.00	0.00	13.40	14.60	0.00	1.64	2.00	1.17	1.59	71.45
0.94	4.12	14.65	50.98	925.00	8.00	56.75	0.00	16.00	-4.00	0.00	1.00	0.00	1.00	0.00	0.00	13.40	14.60	0.00	1.61	2.00	1.41	1.57	71.44
0.96	4.00	15.59	50.59	925.00	6.00	56.75	0.00	16.00	-4.00	0.00	1.00	0.00	1.00	0.00	1.00	13.40	14.60	0.00	2.07	2.00	1.57	1.56	71.44
0.98	4.12	15.12	50.59	925.00	8.00	56.75	0.00	15.00	-4.00	0.00	1.00	0.00	1.00	0.00	0.00	13.40	14.60	0.00	1.48	1.00	1.68	1.56	71.44
1.00	4.12	15.12	50.59	925.00	6.00	56.75	0.00	15.00	-4.00	0.00	1.00	0.00	1.00	0.00	1.00	13.40	14.60	0.00	1.69	2.00	1.95	1.58	71.44
1.03	4.00	17.00	50.20	925.00	6.00	56.75	0.00	15.00	-4.00	0.00	1.00	0.00	1.00	0.00	0.00	13.40	14.60	0.00	1.43	1.00	1.84	1.60	71.44
1.05	4.12	15.12	50.20	925.00	6.00	57.42	0.00	15.00	-4.00	0.00	1.00	0.00	1.00	0.00	1.00	13.40	14.60	0.00	1.85	2.00	1.82	1.63	71.44
1.07	4.00	15.12	50.20	925.00	10.00	57.42	3.89	15.00	-4.00	0.00	1.00	0.00	0.00	0.00	1.00	13.40	14.60	0.00	2.05	2.00	1.58	1.64	71.44
1.09	5.62	21.70	50.20	1300.00	14.00	57.42	3.33	16.00	-4.00	0.00	1.00	0.00	0.00	0.00	0.00	13.40	14.60	0.00	2.36	2.00	1.76	1.66	71.43
1.11	5.37	22.17	50.20	1275.00	12.00	57.42	2.22	17.00	-4.00	0.00	1.00	0.00	1.00	0.00	1.00	13.40	14.60	0.00	1.66	2.00	1.68	1.66	71.43
1.14	3.75	28.75	50.20	1000.00	6.00	57.42	0.00	17.00	-4.00	0.00	1.00	0.00	1.00	0.00	1.00	13.40	14.60	0.00	1.59	2.00	1.87	1.67	71.43
1.16	3.75	22.64	50.20	975.00	6.00	58.09	0.00	18.00	-4.00	0.00	1.00	0.00	1.00	0.00	1.00	13.40	14.60	0.00	1.98	2.00	1.88	1.69	71.43
1.18	3.75	18.41	49.80	950.00	6.00	58.09	0.00	17.00	-4.00	0.00	1.00	0.00	1.00	0.00	0.00	13.40	14.60	0.00	0.00	0.00	1.53	1.66	71.43
1.20	4.00	14.65	49.80	975.00	6.00	58.09	0.00	15.00	-4.00	0.00	1.00	0.00	1.00	0.00	1.00	13.40	14.60	0.00	0.00	0.00	1.94	1.69	71.43
1.23	3.87	15.12	49.80	950.00	6.00	58.09	0.00	13.00	-4.00	0.00	1.00	0.00	1.00	0.00	0.00	13.40	14.60	0.00	0.00	0.00	2.26	1.73	71.42
1.25	4.12	22.64	49.80	825.00	6.00	58.09	0.00	6.00	-4.00	0.00	1.00	0.00	1.00	0.00	0.00	13.40	14.60	0.00	0.00	0.00	2.16	1.80	71.42
1.27	4.25	17.94	49.80	825.00	6.00	58.76	0.00	0.00	-4.00	0.00	1.00	0.00	1.00	0.00	0.00	13.40	14.70	0.00	0.00	0.00	1.90	1.83	71.42
1.29	4.37	15.59	49.80	825.00	6.00	58.76	0.00	0.00	-4.00	0.00	1.00	0.00	1.00	0.00	0.00	13.40	14.70	0.00	0.00	0.00	1.96	1.86	71.42
1.32	4.37	16.53	49.80	825.00	6.00	58.76	0.00	0.00	-4.00	0.00	1.00	0.00	1.00	0.00	0.00	13.40	14.70	0.00	0.00	0.00	1.94	1.87	71.42
1.34	9.00	16.53	49.80	1375.00	18.00	58.76	4.44	4.00	-4.00	0.00	1.00	0.00	0.00	0.00	1.00	13.40	14.70	0.00	0.96	1.00	1.53	1.84	71.41
1.36	5.75	21.70	49.41	1400.00	16.00	58.76	4.44	7.00	-4.00	0.00	1.00	0.00	0.00	0.00	0.00	13.40	14.70	0.00	0.00	0.00	1.74	1.84	71.41
1.38	5.75	22.17	49.41	1500.00	16.00	59.43	5.00	11.00	-4.00	0.00	1.00	0.00	0.00	0.00	1.00	13.40	14.70	0.00	0.00	0.00	1.76	1.83	71.41
1.40	6.37	21.70	49.41	1675.00	22.00	59.43	7.78	15.00	-4.00	0.00	1.00	0.00	0.00	0.00	1.00	13.40	14.70	0.00	2.62	3.00	1.70	1.84	71.41
1.43	7.12	19.82	49.41	1600.00	24.00	59.43	7.78	18.00	-4.00	0.00	1.00	0.00	0.00	0.00	0.00	13.40	14.70	0.00	1.61	2.00	1.43	1.82	71.40
1.45	7.12	20.29	48.63	1650.00	24.00	59.43	7.78	22.00	-4.00	0.00	1.00	0.00	0.00	0.00	1.00	13.40	14.70	0.00	2.15	2.00	1.74	1.82	71.40
1.47	6.75	20.76	48.63	1700.00	24.00	59.43	8.33	24.00	-4.00	0.00	1.00	0.00	0.00	0.00	1.00	13.40	14.70	0.00	1.55	2.00	1.81	1.82	71.39
1.49	6.62	22.17	48.63	1725.00	24.00	59.43	8.33	27.00	-4.00	0.00	1.00	0.00	0.00	0.00	0.00	13.40	14.70	0.00	1.40	1.00	1.69	1.81	71.39
1.52	6.62	22.64	48.63	1750.00	24.00	60.00	8.33	29.00	-4.00	0.00	1.00	0.00	0.00	0.00	0.00	13.40	14.70	0.00	2.12	2.00	1.78	1.82	71.38
1.54	6.12	24.05	49.02	1575.00	10.00	60.00	0.00	31.00	-4.00	0.00	1.00	0.00	1.00	0.00	1.00	13.40	14.70	0.00	3.95	4.00	1.93	1.82	71.38
1.56	3.37	22.64	49.41	1050.00	6.00	60.00	0.00	31.00	-4.00	0.00	1.00	0.00	1.00	0.00	1.00	13.40	14.70	0.00	3.53	4.00	1.71	1.78	71.38
1.58	3.37	22.64	49.02	1000.00	6.00	60.00	0.00	30.00	-4.00	0.00	1.00	0.00	1.00	0.00	0.00	13.40	14.70	0.00	3.60	4.00	1.81	1.76	71.38
1.60	3.50	21.23	48.23	975.00	6.00	61.11	0.00	29.00	-4.00	0.00	1.00	0.00	1.00	0.00	0.00	13.40	14.70	0.00	4.77	5.00	1.23	1.71	71.38
1.63	3.62	14.18	48.23	1125.00	8.00	61.11	0.00	25.00	-4.00	0.00	1.00	0.00	0.00	0.00	0.00	13.40	14.70	0.00	2.30	2.00	0.87	1.64	71.38
1.65	6.50	22.64	48.23	1475.00	16.00	61.11	7.78	23.00	-4.00	0.00	1.00	0.00	0.00	0.00	1.00	13.40	14.70	0.00	4.35	4.00	1.74	1.63	71.37
1.67	7.62	21.70	48.23	1750.00	28.00	61.11	9.44	24.00	-4.00	0.00	1.00	0.00	0.00	0.00	0.00	13.40	14.70	0.00	1.81	2.00	1.66	1.64	71.37
1.69	7.37	22.64	48.23	1800.00	28.00	62.22	9.44	27.00	-4.00	0.00	1.00	0.00	0.00	0.00	0.00	13.50	14.70	0.00	1.54	2.00	2.01	1.66	71.36
1.72	7.00	23.58	48.23	1825.00	28.00	62.22	9.44	30.00	-4.00	0.00	1.00	0.00	0.00	0.00	1.00	13.50	14.70	0.00	2.05	2.00	1.95	1.67	71.36
1.74	6.75	24.52	48.23	1875.00	28.00	62.22	9.44	33.00	-4.00	0.00	1.00	0.00	0.00	0.00	1.00	13.50	14.70	0.00	4.39	4.00	2.00	1.69	71.35
1.76	7.75	22.17	48.63	1750.00	28.00	62.22	9.44	34.00	-4.00	0.00	1.00	0.00	0.00	0.00	0.00	13.50	14.70	0.00	3.24	3.00	1.88	1.72	71.35
1.78	7.62	22.17	49.41	1750.00	28.00	63.33	9.44	37.00	-4.00	0.00	1.00	0.00	0.00	0.00	0.00	13.50	14.70	0.00	4.08	4.00	2.10	1.74	71.34
1.80	7.25	22.64	49.41	1775.00	28.00	63.33	9.44	39.00	-4.00	0.00	1.00	0.00	0.00	0.00	1.00	13.50	14.70	0.00	3.39	3.00	1.87	1.74	71.34
1.83	7.12	22.64	50.20	1775.00	28.00	63.33	9.44	40.00	-4.00	0.00	1.00	0.00	0.00	0.00	1.00	13.50	14.70	0.00	4.67	5.00	1.88	1.76	71.34
1.85	7.37	23.11	49.80	1800.00	28.00	63.33	9.44	42.00	-4.00	0.00	1.00	0.00	0.00	0.00	0.00	13.50	14.70	0.00	3.82	4.00	1.71	1.75	71.33
1.87	7.12	23.58	49.80	1800.00	28.00	64.44	9.44	43.00	-4.00	0.00	1.00	0.00	0.00	0.00	1.00	13.50	14.70	0.00	3.47	3.00	1.48	1.73	71.33
1.89	7.00	24.05	49.80	1800.00	28.00	64.44	9.44	44.00	-4.00	0.00	1.00	0.00	0.00	0.00	1.00	13.50	14.70	0.00	3.31	3.00	2.05	1.75	71.32
1.92	7.25	24.52	49.80	1825.00	28.00	64.44	9.44	45.00	-4.00	0.00	1.00	0.00	0.00	0.00	0.00	13.50	14.80	0.00	3.38	3.00	1.96	1.76	71.32
1.94	7.25	24.99	49.80	1850.00	28.00	65.55	9.44	47.00	-4.00	0.00	1.00	0.00	0.00	0.00	0.00	13.50	14.80	0.00	3.45	3.00	1.84	1.80	71.31
1.96	6.87	24.99	49.80	1850.00	28.00	65.55	9.44	47.00	-4.00	0.00	1.00	0.00	0.00	0.00	1.00	13.50	14.80	0.00	3.64	4.00	1.97	1.87	71.31
1.98	7.12	24.99	49.80	1850.00	28.00	65.55	9.44	48.00	-4.00	0.00	1.00	0.00	0.00	0.00	0.00	13.50	14.80	0.00	3.31	3.00	1.74	1.87	71.30
2.00	6.87	25.46	49.41	1850.00	28.00	66.66	9.44	50.00	-4.00	0.00	1.00	0.00	0.00	0.00	1.00	13.50	14.80	0.00	4.45	4.00	1.75	1.88	71.30
2.03	12.13	24.99	49.02	2400.00	60.00	66.66	26.67	50.00	-4.00	0.00	1.00	0.00	0.00	0.00	0.00	13.50	14.80	0.00	3.13	3.00	1.66	1.86	71.29
2.05	4.50	25.46	56.08	1750.00	10.00	66.66	0.00	54.00	-4.00	0.00	1.00	0.00	1.00	0.00	1.00	13.50	14.80	0.00	3.58	4.00	1.97	1.86	71.28
2.07	2.87	17.47	48.63	1400.00	6.00	67.77	0.00	54.00	-4.00	0.00	1.00	0.00	1.00	0.00	0.00	13.50	14.80	0.00	3.89	4.00	2.13	1.87	71.28
2.09	2.75	17.94	48.63	1250.00	6.00	67.77	0.00	47.00	-4.00	0.00	1.00	0.00	1.00	0.00	1.00	13.50	14.80	0.00	4.59	5.00	1.64	1.85	71.28
2.12	3.12	23.11	48.23	1050.00	6.00	67.77	0.00	36.00	-4.00	0.00	1.00	0.00	1.00	0.00	1.00	13.50	14.80	0.00	3.77	4.00	1.99	1.84	71.28
2.14	3.37	22.64	46.67	900.00	6.00	68.88	0.00	28.00	-4.00	0.00	1.00	0.00	1.00	0.00	0.00	13.50	14.80	0.00	2.48	2.00	1.82	1.84	71.28
2.16	3.25	15.12	45.49	975.00	6.00	68.88	0.00	23.00	-4.00	0.00	1.00	0.00	1.00	0.00	1.00	13.50	14.80	0.00	1.58	2.00	1.91	1.84	71.28
2.18	3.50	22.17	45.49	875.00	6.00	68.88	0.00	16.00	-4.00	0.00	1.00	0.00	1.00	0.00	0.00	13.50	14.80	0.00	0.00	0.00	1.97	1.86	71.28
2.21	3.62	22.17	45.49	800.00	6.00	68.88	0.00	8.00	-4.00	0.00	1.00	0.00	1.00	0.00	0.00	13.50	14.80	0.00	0.00	0.00	1.76	1.88	71.28
2.23	3.87	17.94	45.49	775.00	6.00	69.99	0.00	0.00	-4.00	0.00	1.00	0.00	1.00	0.00	0.00	13.50	14.80	0.00	0.00	0.00	1.58	1.84	71.28
2.25	4.00	16.53	45.49	775.00	6.00	69.99	0.00	0.00	-4.00	0.00	1.00	0.00	1.00	0.00	1.00	13.50	14.80	0.00	0.00	0.00	1.75	1.83	71.27
2.27	4.00	15.59	45.49	775.00	6.00	69.99	0.00	0.00	-4.00	0.00	1.00	0.00	1.00	0.00	0.00	13.50	14.80	0.00	0.00	0.00	1.82	1.83	71.27
2.29	3.87	16.06	45.10	775.00	6.00	69.99	0.00	0.00	-4.00	0.00	1.00	0.00	1.00	0.00	1.00	13.50	14.80	0.00	0.00	0.00	1.82	1.82	71.27
2.32	3.87	16.06	45.49	775.00	6.00	69.99	0.00	0.00	-4.00	0.00	1.00	0.00	1.00	0.00	0.00	13.50	14.80	0.00	0.00	0.00	1.75	1.82	71.27
2.34	3.87	15.59	44.71	775.00	6.00	71.10	0.00	0.00	-4.00	0.00	1.00	0.00	1.00	0.00	1.00	13.50	14.80	0.00	0.00	0.00	1.74	1.82	71.27
2.36	4.00	15.12	44.71	775.00	6.00	71.10	0.00	0.00	-4.00	0.00	1.00	0.00	1.00	0.00	0.00	13.50	14.80	0.00	0.00	0.00	1.74	1.83	71.27
2.38	3.87	15.12	44.71	775.00	6.00	71.10	0.00	0.00	-4.00	0.00	1.00	0.00	1.00	0.00	1.00	13.50	14.80	0.00	0.00	0.00	1.74	1.81	71.27
2.41	4.00	16.06	44.71	775.00	6.00	71.10	0.00	0.00	-4.00	0.00	1.00	0.00	1.00	0.00	0.00	13.50	14.80	0.00	0.00	0.00	1.82	1.79	71.27
2.43	3.87	15.12	44.71	775.00	6.00	71.10	0.00	0.00	-12.00	0.00	1.00	0.00	1.00	0.00	1.00	13.50	14.80	0.00	0.00	0.00	1.79	1.80	71.27
2.45	3.87	16.06	44.71	775.00	6.00	71.10	0.00	0.00	-12.00	0.00	1.00	0.00	1.00	0.00	0.00	13.50	14.80	0.00	0.00	0.00	1.83	1.79	71.26
2.47	4.00	14.65	44.71	775.00	6.00	72.21	0.00	0.00	-12.00	0.00	1.00	0.00	1.00	0.00	1.00	13.50	14.80	0.00	0.00	0.00	1.83	1.79	71.26
2.49	3.87	15.12	44.71	775.00	6.00	72.21	0.00	0.00	-12.00	0.00	1.00	0.00	1.00	0.00	0.00	13.50	14.80	0.00	0.00	0.00	1.82	1.78	71.26
2.52	3.87	15.12	44.31	775.00	6.00	72.21	0.00	0.00	-12.00	0.00	1.00	0.00	1.00	0.00	1.00	13.50	14.80	0.00	0.00	0.00	1.82	1.77	71.26
2.54	3.87	15.59	44.31	750.00	6.00	72.21	0.00	0.00	-12.00	0.00	1.00	0.00	1.00	0.00	0.00	13.50	14.80	0.00	0.00	0.00	1.82	1.78	71.26
2.56	3.87	15.12	44.31	775.00	6.00	72.21	0.00	0.00	-12.00	0.00	1.00	0.00	1.00	0.00	1.00	13.50	14.80	0.00	0.00	0.00	1.83	1.79	71.26
2.58	4.00	15.12	44.31	750.00	6.00	72.21	0.00	0.00	-12.00	0.00	1.00	0.00	1.00	0.00	0.00	13.50	14.80	0.00	0.00	0.00	1.82	1.80	71.26
2.61	4.00	15.12	44.31	775.00	6.00	72.21	0.00	0.00	-12.00	0.00	1.00	0.00	1.00	0.00	1.00	13.50	14.80	0.00	0.00	0.00	1.82	1.80	71.26
2.63	4.00	15.59	43.53	775.00	6.00	72.21	0.00	0.00	-12.00	0.00	1.00	0.00	1.00	0.00	1.00	13.50	14.80	0.00	0.00	0.00	1.83	1.80	71.26
2.65	3.87	15.12	43.53	750.00	6.00	72.21	0.00	0.00	-12.00	0.00	1.00	0.00	1.00	0.00	1.00	13.50	14.80	0.00	0.00	0.00	1.83	1.80	71.25
2.67	3.87	15.59	43.53	750.00	6.00	72.21	0.00	0.00	-12.00	0.00	1.00	0.00	1.00	0.00	0.00	13.50	14.80	0.00	0.00	0.00	1.83	1.81	71.25
2.69	3.87	15.12	43.53	750.00	6.00	73.32	0.00	0.00	-12.00	0.00	1.00	0.00	1.00	0.00	1.00	13.50	14.80	0.00	0.00	0.00	1.82	1.81	71.25
2.72	4.00	16.06	43.53	750.00	6.00	73.32	2.78	0.00	-12.00	0.00	1.00	0.00	0.00	0.00	1.00	13.50	14.80	0.00	0.00	0.00	1.66	1.81	71.25
2.74	7.37	23.11	43.53	1425.00	20.00	73.32	6.67	0.00	-4.00	0.00	1.00	0.00	0.00	0.00	1.00	13.50	14.80	0.00	1.30	1.00	1.70	1.80	71.25
2.76	6.37	23.58	43.53	1575.00	20.00	73.32	10.56	9.00	-4.00	0.00	1.00	0.00	0.00	0.00	1.00	13.50	14.80	0.00	0.00	0.00	1.53	1.78	71.24
2.78	7.00	26.40	42.74	1900.00	30.00	73.32	8.89	17.00	-4.00	0.00	1.00	0.00	0.00	0.00	1.00	13.50	14.80	0.00	1.73	2.00	0.97	1.73	71.24
2.81	4.87	25.93	42.74	1325.00	14.00	73.32	3.33	20.00	-4.00	0.00	1.00	0.00	0.00	0.00	1.00	13.50	14.80	0.00	4.44	4.00	0.98	1.67	71.24
2.83	6.87	23.11	42.74	1575.00	22.00	73.32	7.22	21.00	-4.00	0.00	1.00	0.00	0.00	0.00	0.00	13.50	14.80	0.00	2.19	2.00	0.98	1.61	71.23
2.85	6.75	24.05	42.74	1750.00	34.00	73.32	13.33	24.00	-4.00	0.00	1.00	0.00	0.00	0.00	1.00	13.50	14.80	0.00	2.48	2.00	1.14	1.57	71.23
2.87	9.25	22.64	42.74	2050.00	42.00	73.32	23.33	28.00	-4.00	0.00	1.00	0.00	0.00	0.00	0.00	13.50	14.80	0.00	2.45	2.00	1.39	1.54	71.22
2.89	12.63	23.11	43.14	2525.00	70.00	73.32	37.22	34.00	-4.00	0.00	1.00	0.00	0.00	0.00	1.00	13.50	14.90	0.00	2.26	2.00	1.38	1.51	71.21
2.92	13.13	21.23	45.10	2750.00	78.00	73.32	36.67	42.00	-4.00	0.00	1.00	0.00	0.00	0.00	1.00	13.50	14.90	0.00	2.51	3.00	1.63	1.50	71.20
2.94	12.88	17.00	45.49	2900.00	86.00	73.32	35.56	50.00	-4.00	0.00	1.00	0.00	0.00	0.00	0.00	13.60	14.90	0.00	1.79	2.00	1.62	1.48	71.18
2.96	12.50	18.88	45.49	2550.00	68.00	74.43	31.11	56.00	-4.00	0.00	1.00	0.00	0.00	0.00	0.00	13.60	14.90	0.00	4.15	4.00	1.61	1.47	71.17
2.98	10.88	24.52	45.49	2500.00	58.00	74.43	15.00	61.00	-4.00	0.00	1.00	0.00	1.00	0.00	1.00	13.60	14.90	0.00	4.66	5.00	2.18	1.49	71.16
3.01	2.50	18.88	44.71	1375.00	6.00	74.43	0.00	64.00	-4.00	0.00	1.00	0.00	1.00	0.00	1.00	13.60	14.90	0.00	5.93	6.00	1.68	1.48	71.16
3.03	2.50	17.47	44.71	1300.00	6.00	74.43	0.00	63.00	-4.00	0.00	1.00	0.00	1.00	0.00	1.00	13.60	14.90	0.00	6.06	6.00	1.89	1.49	71.16
3.05	2.62	19.82	44.31	1225.00	6.00	74.43	0.00	59.00	-4.00	0.00	1.00	0.00	1.00	0.00	0.00	13.60	14.90	0.00	6.40	6.00	1.79	1.50	71.16
3.07	2.75	23.11	44.31	1100.00	6.00	75.54	0.00	50.00	-4.00	0.00	1.00	0.00	1.00	0.00	0.00	13.60	14.90	0.00	5.47	5.00	1.76	1.50	71.16
3.10	3.12	22.17	43.53	925.00	6.00	75.54	0.00	43.00	-12.00	0.00	1.00	0.00	1.00	0.00	1.00	13.60	14.90	0.00	5.90	6.00	1.82	1.52	71.16
3.12	3.50	22.17	42.35	825.00	6.00	75.54	0.00	34.00	-12.00	0.00	1.00	0.00	1.00	0.00	0.00	13.60	14.90	0.00	5.66	6.00	1.82	1.58	71.16
3.14	3.25	14.65	39.61	775.00	4.00	75.54	0.00	20.00	-12.00	0.00	1.00	0.00	1.00	0.00	1.00	13.60	14.90	0.00	0.00	0.00	1.97	1.64	71.16
3.16	3.37	22.17	39.61	700.00	4.00	76.65	0.00	8.00	-12.00	0.00	1.00	0.00	1.00	0.00	0.00	13.60	14.90	0.00	0.00	0.00	1.78	1.69	71.16
3.18	4.00	18.88	38.82	875.00	10.00	76.65	3.33	3.00	-4.00	0.00	1.00	0.00	0.00	0.00	0.00	13.60	14.90	0.00	0.00	0.00	1.58	1.72	71.15
3.21	7.25	23.11	38.82	1500.00	20.00	76.65	7.22	7.00	-4.00	0.00	1.00	0.00	0.00	0.00	0.00	13.60	14.90	0.00	0.00	0.00	1.63	1.74	71.15
3.23	5.87	24.05	38.82	1625.00	20.00	76.65	7.22	11.00	-4.00	0.00	1.00	0.00	0.00	0.00	1.00	13.60	14.90	0.00	0.00	0.00	1.21	1.73	71.15
3.25	5.87	24.52	53.72	1250.00	10.00	76.65	0.00	16.00	-4.00	0.00	1.00	0.00	1.00	0.00	1.00	13.60	14.90	0.00	2.34	2.00	1.20	1.70	71.14
3.27	3.50	22.17	38.04	925.00	6.00	77.76	0.00	18.00	-12.00	0.00	1.00	0.00	1.00	0.00	1.00	13.60	14.90	0.00	0.00	0.00	1.42	1.69	71.14
3.30	3.37	22.17	38.04	875.00	4.00	77.76	0.00	12.00	-12.00	0.00	1.00	0.00	1.00	0.00	1.00	13.60	14.90	0.00	0.00	0.00	1.67	1.69	71.14
3.32	3.37	21.23	37.25	675.00	4.00	77.76	0.00	7.00	-12.00	0.00	1.00	0.00	1.00	0.00	1.00	13.60	14.90	0.00	0.00	0.00	1.66	1.66	71.14
3.34	3.50	20.29	37.25	750.00	18.00	77.76	13.33	3.00	-4.00	0.00	1.00	0.00	0.00	0.00	0.00	13.60	14.90	0.00	0.00	0.00	1.40	1.64	71.14
3.36	8.63	20.76	37.25	1900.00	36.00	77.76	13.33	7.00	-4.00	0.00	1.00	0.00	0.00	0.00	1.00	13.60	14.90	0.00	0.00	0.00	0.92	1.57	71.13
3.38	8.13	24.99	37.25	2150.00	36.00	77.76	13.33	17.00	-4.00	0.00	1.00	0.00	0.00	0.00	1.00	13.60	14.90	0.00	1.71	2.00	1.54	1.56	71.13
3.41	8.75	21.70	36.86	2175.00	54.00	77.76	23.89	24.00	-4.00	0.00	1.00	0.00	0.00	0.00	1.00	13.60	14.90	0.00	1.87	2.00	1.38	1.53	71.12
3.43	11.00	24.99	36.86	2375.00	56.00	77.76	23.89	32.00	-4.00	0.00	1.00	0.00	0.00	0.00	0.00	13.60	15.00	0.00	1.60	2.00	1.73	1.53	71.11
3.45	13.38	20.76	39.61	2750.00	84.00	78.87	60.56	41.00	-4.00	0.00	1.00	0.00	0.00	0.00	1.00	13.60	15.00	0.00	2.60	3.00	1.94	1.53	71.10
3.47	12.88	17.47	40.39	2850.00	78.00	78.87	30.00	51.00	-4.00	0.00	1.00	0.00	0.00	0.00	1.00	13.60	15.00	0.00	1.85	2.00	1.61	1.51	71.09
3.50	10.63	24.99	39.61	2425.00	58.00	78.87	23.89	55.00	-4.00	0.00	1.00	0.00	0.00	0.00	1.00	13.60	15.00	0.00	3.45	3.00	1.49	1.49	71.08
3.52	10.38	26.40	39.61	2400.00	52.00	78.87	20.00	60.00	-4.00	0.00	1.00	0.00	0.00	0.00	1.00	13.60	15.00	0.00	4.32	4.00	1.73	1.50	71.07
3.54	8.38	24.05	39.61	2100.00	38.00	78.87	13.89	64.00	-4.00	0.00	1.00	0.00	0.00	0.00	0.00	13.60	15.00	0.00	6.37	6.00	1.71	1.51	71.06
3.56	7.87	24.05	38.82	1775.00	32.00	78.87	12.78	66.00	-4.00	0.00	1.00	0.00	0.00	0.00	1.00	13.60	15.00	0.00	6.40	6.00	1.83	1.55	71.06
3.58	8.63	17.47	38.82	1525.00	30.00	80.00	11.67	68.00	-4.00	0.00	1.00	0.00	0.00	0.00	1.00	13.60	15.00	0.00	6.69	7.00	1.89	1.60	71.05
3.61	8.63	17.94	38.04	1550.00	28.00	80.00	10.56	69.00	-4.00	0.00	1.00	0.00	0.00	0.00	0.00	13.60	15.00	0.00	7.09	7.00	1.91	1.63	71.05
3.63	7.62	21.23	38.04	1550.00	24.00	80.00	0.00	69.00	-4.00	0.00	1.00	0.00	1.00	0.00	1.00	13.60	15.00	0.00	7.00	7.00	1.86	1.64	71.04
3.65	2.50	18.88	39.61	1425.00	4.00	80.00	0.00	69.00	-4.00	0.00	1.00	0.00	1.00	0.00	1.00	13.60	15.00	0.00	5.81	6.00	1.82	1.65	71.04
3.67	2.25	19.35	37.65	1225.00	4.00	82.11	0.00	67.00	-4.00	0.00	1.00	0.00	1.00	0.00	1.00	13.60	15.00	0.00	6.51	7.00	1.99	1.69	71.04
3.70	2.37	23.11	37.65	1100.00	4.00	82.11	0.00	60.00	-4.00	0.00	1.00	0.00	1.00	0.00	0.00	13.60	15.00	0.00	5.64	6.00	2.27	1.78	71.04
3.72	2.50	22.64	37.65	1025.00	4.00	82.11	0.00	50.00	-4.00	0.00	1.00	0.00	1.00	0.00	1.00	13.60	15.00	0.00	5.57	6.00	2.12	1.82	71.04
3.74	2.75	22.17	37.65	925.00	4.00	82.11	0.00	43.00	-12.00	0.00	1.00	0.00	1.00	0.00	0.00	13.60	15.00	0.00	6.00	6.00	2.11	1.87	71.04
3.76	3.00	22.17	37.65	825.00	4.00	82.11	0.00	38.00	-12.00	0.00	1.00	0.00	1.00	0.00	0.00	13.60	15.00	0.00	6.32	6.00	1.77	1.87	71.04
3.78	3.50	21.70	34.90	750.00	4.00	84.22	0.00	29.00	-12.00	0.00	1.00	0.00	1.00	0.00	0.00	13.60	15.00	0.00	2.04	2.00	0.94	1.81	71.04
3.81	3.12	12.77	34.12	875.00	4.00	84.22	0.00	23.00	-12.00	0.00	1.00	0.00	1.00	0.00	1.00	13.60	15.00	0.00	1.44	1.00	0.79	1.75	71.03
3.83	3.62	16.06	34.12	1050.00	10.00	84.22	5.56	21.00	-4.00	0.00	1.00	0.00	0.00	0.00	0.00	13.60	15.00	0.00	2.23	2.00	1.81	1.77	71.03
3.85	10.63	20.76	34.12	2000.00	42.00	84.22	16.67	23.00	-4.00	0.00	1.00	0.00	0.00	0.00	0.00	13.60	15.00	0.00	1.43	1.00	1.14	1.73	71.03
3.87	8.88	23.11	34.12	2100.00	42.00	84.22	16.67	27.00	-4.00	0.00	1.00	0.00	0.00	0.00	1.00	13.60	15.00	0.00	2.41	2.00	1.93	1.74	71.02
3.90	6.75	27.81	55.29	1750.00	10.00	84.22	0.00	32.00	-4.00	0.00	1.00	0.00	1.00	0.00	1.00	13.60	15.10	0.00	1.69	2.00	1.91	1.75	71.01
3.92	3.00	22.64	35.69	1050.00	4.00	84.22	0.00	34.00	-4.00	0.00	1.00	0.00	1.00	0.00	1.00	13.60	15.10	0.00	3.44	3.00	2.05	1.76	71.01
3.94	3.12	16.53	35.69	1200.00	18.00	84.22	13.89	33.00	-4.00	0.00	1.00	0.00	0.00	0.00	0.00	13.60	15.10	0.00	3.94	4.00	1.77	1.75	71.01
3.96	8.88	21.70	35.69	1925.00	36.00	84.22	13.89	34.00	-4.00	0.00	1.00	0.00	0.00	0.00	1.00	13.60	15.10	0.00	4.59	5.00	2.11	1.77	71.01
3.99	8.50	21.70	57.65	1750.00	12.00	86.33	0.00	38.00	-4.00	0.00	1.00	0.00	1.00	0.00	1.00	13.60	15.10	0.00	3.36	3.00	2.23	1.79	71.00
4.01	2.87	23.11	38.82	1175.00	4.00	86.33	0.00	39.00	-4.00	0.00	1.00	0.00	1.00	0.00	1.00	13.70	15.10	0.00	3.68	4.00	2.09	1.80	71.00
4.03	2.62	22.17	36.86	1000.00	4.00	86.33	0.00	37.00	-12.00	0.00	1.00	0.00	1.00	0.00	1.00	13.70	15.10	0.00	4.72	5.00	2.09	1.79	71.00
4.05	2.75	22.17	34.90	800.00	4.00	86.33	0.00	30.00	-12.00	0.00	1.00	0.00	1.00	0.00	1.00	13.70	15.10	0.00	3.26	3.00	1.54	1.75	71.00
4.07	3.00	17.47	34.12	850.00	4.00	86.33	0.00	22.00	-12.00	0.00	1.00	0.00	1.00	0.00	0.00	13.60	15.10	0.00	1.72	2.00	1.15	1.69	71.00
4.10	2.87	21.23	34.12	775.00	4.00	86.33	0.56	17.00	-12.00	0.00	1.00	0.00	0.00	0.00	1.00	13.60	15.10	0.00	0.00	0.00	1.34	1.66	71.00
4.12	4.12	21.23	34.12	1300.00	10.00	86.33	3.33	15.00	-12.00	0.00	1.00	0.00	0.00	0.00	0.00	13.60	15.10	0.00	0.00	0.00	1.50	1.69	70.99
4.14	4.87	26.87	34.12	1500.00	14.00	86.33	5.56	15.00	-4.00	0.00	1.00	0.00	0.00	0.00	0.00	13.70	15.10	0.00	1.75	2.00	1.22	1.72	70.99
4.16	5.62	24.52	34.12	1400.00	16.00	86.33	6.11	16.00	-4.00	0.00	1.00	0.00	0.00	0.00	0.00	13.70	15.10	0.00	2.11	2.00	1.68	1.71	70.99
4.19	5.37	24.99	34.12	1425.00	16.00	86.33	6.11	18.00	-4.00	0.00	1.00	0.00	0.00	0.00	1.00	13.70	15.10	0.00	1.63	2.00	1.93	1.77	70.99
4.21	5.25	24.99	34.12	1475.00	16.00	86.33	4.44	21.00	-4.00	0.00	1.00	0.00	0.00	0.00	1.00	13.70	15.10	0.00	1.61	2.00	2.11	1.78	70.98
4.23	4.00	27.34	34.12	1150.00	8.00	86.33	0.00	23.00	-12.00	0.00	1.00	0.00	1.00	0.00	1.00	13.70	15.10	0.00	3.57	4.00	1.97	1.78	70.98
4.25	3.12	25.93	34.12	775.00	4.00	86.33	0.00	23.00	-12.00	0.00	1.00	0.00	1.00	0.00	1.00	13.70	15.10	0.00	3.83	4.00	1.83	1.77	70.98
4.27	3.12	22.17	34.12	775.00	4.00	86.33	0.56	22.00	-12.00	0.00	1.00	0.00	1.00	0.00	1.00	13.70	15.10	0.00	4.03	4.00	2.09	1.79	70.98
4.30	3.50	14.65	34.12	825.00	6.00	86.33	1.11	22.00	-12.00	0.00	1.00	0.00	0.00	0.00	0.00	13.70	15.10	0.00	3.65	4.00	2.24	1.80	70.98
4.32	3.75	24.99	34.12	925.00	6.00	86.33	1.11	21.00	-12.00	0.00	1.00	0.00	0.00	0.00	1.00	13.70	15.10	0.00	4.44	4.00	1.81	1.77	70.98
4.34	3.75	24.99	34.12	925.00	6.00	86.33	1.11	20.00	-12.00	0.00	1.00	0.00	0.00	0.00	1.00	13.70	15.10	0.00	3.41	3.00	1.41	1.73	70.98
4.36	5.62	24.52	34.12	1350.00	16.00	86.33	5.56	20.00	-4.00	0.00	1.00	0.00	0.00	0.00	1.00	13.70	15.10	0.00	3.35	3.00	1.70	1.70	70.97
4.39	5.37	24.99	34.12	1250.00	8.00	86.33	0.00	20.00	-12.00	0.00	1.00	0.00	1.00	0.00	1.00	13.70	15.10	0.00	4.57	5.00	1.92	1.73	70.97
4.41	3.12	22.17	34.12	700.00	4.00	86.33	0.00	20.00	-12.00	0.00	1.00	0.00	1.00	0.00	1.00	13.70	15.10	0.00	3.40	3.00	1.51	1.75	70.97
4.43	3.12	22.17	34.12	700.00	4.00	86.33	0.00	20.00	-12.00	0.00	1.00	0.00	1.00	0.00	1.00	13.70	15.10	0.00	3.20	3.00	1.68	1.78	70.97
4.45	2.87	12.77	34.12	775.00	4.00	86.33	0.00	19.00	-12.00	0.00	1.00	0.00	1.00	0.00	0.00	13.70	15.10	0.00	2.17	2.00	1.48	1.77	70.97
4.47	2.87	14.65	34.12	800.00	4.00	86.33	0.00	18.00	-12.00	0.00	1.00	0.00	1.00	0.00	1.00	13.70	15.10	0.00	1.55	2.00	1.65	1.80	70.97
4.50	2.87	18.41	34.12	750.00	4.00	86.33	0.00	18.00	-12.00	0.00	1.00	0.00	1.00	0.00	0.00	13.70	15.10	0.00	1.78	2.00	1.51	1.79	70.97
4.52	3.00	17.94	34.12	750.00	4.00	86.33	0.00	14.00	-12.00	0.00	1.00	0.00	1.00	0.00	0.00	13.70	15.10	0.00	0.00	0.00	1.85	1.78	70.97
4.54	3.12	16.53	34.12	725.00	4.00	86.33	0.00	11.00	-12.00	0.00	1.00	0.00	1.00	0.00	1.00	13.70	15.10	0.00	0.00	0.00	2.01	1.78	70.97
4.56	3.12	22.17	34.12	650.00	4.00	86.33	0.00	8.00	-12.00	0.00	1.00	0.00	1.00	0.00	0.00	13.70	15.10	0.00	0.00	0.00	2.07	1.78	70.96
4.59	3.50	19.82	34.12	625.00	4.00	86.33	0.00	3.00	-12.00	0.00	1.00	0.00	1.00	0.00	0.00	13.70	15.10	0.00	0.00	0.00	1.68	1.77	70.96
4.61	3.87	15.12	33.33	800.00	10.00	86.33	3.89	0.00	-4.00	0.00	1.00	0.00	0.00	0.00	1.00	13.70	15.10	0.00	0.00	0.00	1.50	1.73	70.96
4.63	5.37	25.46	33.33	1100.00	8.00	86.33	0.00	3.00	-12.00	0.00	1.00	0.00	1.00	0.00	0.00	13.70	15.10	0.00	0.00	0.00	1.42	1.68	70.96
4.65	3.25	22.17	33.33	725.00	4.00	86.33	0.00	5.00	-12.00	0.00	1.00	0.00	1.00	0.00	0.00	13.70	15.10	0.00	0.00	0.00	1.89	1.68	70.96
4.67	3.37	19.82	34.51	600.00	4.00	86.33	0.00	0.00	-12.00	0.00	1.00	0.00	1.00	0.00	0.00	13.70	15.10	0.00	0.00	0.00	1.84	1.71	70.96
4.70	3.87	12.77	36.47	725.00	6.00	86.33	0.00	0.00	-12.00	0.00	1.00	0.00	1.00	0.00	0.00	13.70	15.10	0.00	0.00	0.00	1.56	1.70	70.96
4.72	3.75	17.94	30.20	700.00	4.00	86.33	3.89	0.00	-12.00	0.00	1.00	0.00	1.00	0.00	1.00	13.70	15.10	0.00	0.00	0.00	1.71	1.69	70.96
4.74	3.75	22.17	32.16	725.00	6.00	86.33	2.22	0.00	-12.00	0.00	1.00	0.00	1.00	0.00	1.00	13.70	15.10	0.00	0.00	0.00	1.78	1.70	70.96
4.76	3.12	24.99	29.02	675.00	4.00	86.33	0.00	3.00	-12.00	0.00	1.00	0.00	1.00	0.00	0.00	13.70	15.10	0.00	0.00	0.00	1.83	1.71	70.96
4.79	3.25	19.35	29.02	550.00	2.00	86.33	0.00	4.00	-12.00	0.00	1.00	0.00	1.00	0.00	0.00	13.70	15.10	0.00	0.00	0.00	2.02	1.75	70.95
4.81	3.25	17.00	29.02	575.00	2.00	86.33	0.00	4.00	-12.00	0.00	1.00	0.00	1.00	0.00	0.00	13.70	15.10	0.00	0.00	0.00	1.85	1.76	70.95
4.83	3.37	17.47	29.80	550.00	2.00	86.33	0.00	4.00	-12.00	0.00	1.00	0.00	1.00	0.00	1.00	13.70	15.10	0.00	0.00	0.00	2.01	1.80	70.95
4.85	3.50	17.00	29.02	575.00	4.00	86.33	0.00	4.00	-12.00	0.00	1.00	0.00	1.00	0.00	0.00	13.70	15.10	0.00	0.00	0.00	1.91	1.80	70.95
4.88	3.37	12.77	29.02	625.00	4.00	86.33	0.00	4.00	-12.00	0.00	1.00	0.00	1.00	0.00	1.00	13.70	15.10	0.00	0.00	0.00	2.08	1.81	70.95
4.90	3.50	19.35	29.41	650.00	4.00	86.33	0.00	4.00	-12.00	0.00	1.00	0.00	1.00	0.00	0.00	13.70	15.10	0.00	0.00	0.00	1.69	1.78	70.95
4.92	3.25	19.35	29.02	550.00	6.00	86.33	0.00	4.00	-12.00	0.00	1.00	0.00	1.00	0.00	0.00	13.70	15.10	0.00	0.00	0.00	1.79	1.79	70.95
4.94	3.75	15.12	43.14	800.00	6.00	86.33	0.00	4.00	-12.00	0.00	1.00	0.00	1.00	0.00	0.00	13.70	15.10	0.00	0.00	0.00	1.48	1.79	70.95
4.96	3.12	21.70	29.02	600.00	2.00	86.33	0.00	4.00	-12.00	0.00	1.00	0.00	1.00	0.00	0.00	13.70	15.10	0.00	0.00	0.00	1.68	1.80	70.95
4.99	3.50	18.41	29.02	550.00	2.00	86.33	0.00	3.00	-12.00	0.00	1.00	0.00	1.00	0.00	0.00	13.70	15.10	0.00	0.00	0.00	1.66	1.79	70.95
5.01	3.50	18.41	29.80	550.00	2.00	86.33	0.00	0.00	-12.00	0.00	1.00	0.00	1.00	0.00	0.00	13.70	15.10	0.00	0.00	0.00	1.73	1.78	70.95
5.03	3.62	15.59	30.98	550.00	4.00	86.33	0.00	0.00	-12.00	0.00	1.00	0.00	1.00	0.00	1.00	13.70	15.10	0.00	0.00	0.00	1.68	1.79	70.95
5.05	3.50	15.12	32.55	575.00	4.00	86.33	0.00	0.00	-12.00	0.00	1.00	0.00	1.00	0.00	1.00	13.70	15.10	0.00	0.00	0.00	1.69	1.79	70.95
5.08	3.50	15.12	32.55	575.00	4.00	86.33	0.00	0.00	-12.00	0.00	1.00	0.00	1.00	0.00	0.00	13.70	15.10	0.00	0.00	0.00	1.68	1.78	70.95
5.10	3.50	14.65	34.12	575.00	4.00	86.33	0.00	0.00	-12.00	0.00	1.00	0.00	1.00	1.00	0.00	13.70	15.10	0.00	0.00	0.00	1.77	1.78	70.94
5.12	3.00	12.77	30.59	700.00	4.00	86.33	0.00	0.00	-12.00	0.00	1.00	0.00	1.00	1.00	0.00	13.70	15.10	0.00	0.00	0.00	1.70	1.75	70.94
